0.8954
0.9714
0.9815
0.9872
0.9892
0.9882
0.9919
0.9925
0.9925
0.9921
0.9931
0.9919
0.9921
0.9941
0.9929
0.9934
0.9926
0.9933
0.9931
0.993
0.9938
0.9933
0.9921
0.9937
0.9931
0.9938
0.9926
0.993
0.9928
0.9923
0.9938
0.9934
0.9935
0.9935
0.9941
0.9942
0.9943
0.9938
0.9941
0.9941
0.9943
0.9944
0.995
0.9941
0.9943
0.9946
0.9947
0.9939
0.9942
0.9946
0.9942
0.9936
0.9944
0.9939
0.9943
0.9933
0.9944
0.9937
0.9943
0.9946
0.9945
0.9945
0.9943
0.995
0.9941
0.9945
0.9945
0.9941
0.9946
0.9944
0.9943
0.9949
0.9948
0.9937
0.9946
0.9941
0.9946
0.9952
0.9947
0.9948
0.9949
0.9935
0.9938
0.9944
0.9946
0.994
0.9939
0.994
0.995
0.9947
0.995
0.9941
0.994
0.9941
0.9942
0.9944
0.9946
0.9941
0.9952
0.9947


Time taken: 188.063774351 minutes